Classification Report:
              precision    recall  f1-score   support

           A       1.00      1.00      1.00       276
           B       0.99      1.00      1.00       550
           C       1.00      1.00      1.00       316
           D       1.00      1.00      1.00       584
           E       1.00      1.00      1.00       548
           F       1.00      0.99      1.00       569
           G       1.00      1.00      1.00       498
           H       1.00      1.00      1.00       556
           I       1.00      1.00      1.00       595
           K       1.00      1.00      1.00       564
           L       1.00      1.00      1.00       502
           M       0.73      0.91      0.81       470
           N       0.89      0.68      0.77       481
           O       1.00      1.00      1.00       382
           P       1.00      1.00      1.00       386
           Q       1.00      1.00      1.00       311
           R       1.00      1.00      1.00       512
           S       1.00      1.00      1.00       461
           T       1.00      1.00      1.00       538
           U       1.00      1.00      1.00       559
           V       1.00      1.00      1.00       538
           W       1.00      1.00      1.00       552
           X       1.00      1.00      1.00       590
           Y       1.00      1.00      1.00       442

    accuracy                           0.98     11780
   macro avg       0.98      0.98      0.98     11780
weighted avg       0.98      0.98      0.98     11780